============================================================================================
CONDITIONAL SWEEP -- is there a subset of sessions where the 09:45-11:00 ORB works?
============================================================================================
18 real session gates x 4 configs x 2 instruments = 144 comparisons (19 x 4 x 2 = 152 cells including the unfiltered baseline row).
Read the OOS column first. A gate that is positive full-sample but negative OOS is
a description of the past, not a strategy.

============================================================================================
--- ES ---
============================================================================================
split                                                        full                                 IS    OOS            
                                                           trades  avg_r   total_usd t_stat_r  avg_r  avg_r   total_usd
config                                filter                                                                           
OR15m/cut1100/exit1100/TE/both/follow (none)                  514  0.001 -17,697.500    0.022  0.042 -0.073 -22,572.500
                                      above_sma20             338  0.006  -9,520.000    0.109  0.031 -0.047  -6,292.500
                                      below_sma20             176 -0.009  -8,177.500   -0.116  0.068 -0.109 -16,280.000
                                      dow_Fri                 101 -0.017 -10,802.500   -0.150  0.167 -0.350 -13,440.000
                                      dow_Mon                 103 -0.030   2,255.000   -0.315  0.027 -0.130  -3,705.000
                                      dow_Thu                 102  0.013     107.500    0.114  0.047 -0.048  -4,080.000
                                      dow_Tue                 105  0.025  -2,287.500    0.234 -0.077  0.212   2,107.500
                                      dow_Wed                 103  0.014  -6,970.000    0.136  0.052 -0.054  -3,455.000
                                      gap_dn_lt_-0.25pct      120  0.026   3,125.000    0.274  0.126 -0.119  -6,822.500
                                      gap_small_lt_0.15pct    151  0.032     935.000    0.357  0.102 -0.146  -4,807.500
                                      gap_up_gt_0.25pct       163 -0.044 -17,507.500   -0.558 -0.044 -0.043 -10,750.000
                                      or_gt_0.7_atr             2 -0.308  -1,605.000   -0.814 -0.308    NaN       0.000
                                      or_lt_0.4_atr           433  0.016  -8,982.500    0.303  0.060 -0.063 -14,025.000
                                      or_volume_rel_busy       82  0.003   1,420.000    0.030  0.053 -0.152  -6,012.500
                                      or_volume_rel_normal    213 -0.000 -16,307.500   -0.005  0.031 -0.040 -10,372.500
                                      or_volume_rel_quiet     160 -0.061  -7,312.500   -0.756 -0.036 -0.094  -6,187.500
                                      or_width_rel_narrow     135 -0.071  -6,400.000   -0.764 -0.057 -0.087  -4,350.000
                                      or_width_rel_typical    166  0.010  -1,190.000    0.109  0.015  0.002  -1,720.000
                                      or_width_rel_wide       154 -0.011 -14,610.000   -0.149  0.067 -0.147 -16,502.500
OR15m/cut1100/exit1559/TE/both/follow (none)                  514  0.007 -16,810.000    0.109  0.032 -0.037 -19,685.000
                                      above_sma20             338  0.071     692.500    0.795  0.026  0.169  10,195.000
                                      below_sma20             176 -0.115 -17,502.500   -1.148  0.048 -0.323 -29,880.000
                                      dow_Fri                 101 -0.094 -10,415.000   -0.623  0.014 -0.290  -8,765.000
                                      dow_Mon                 103  0.053  14,230.000    0.371  0.044  0.069   4,595.000
                                      dow_Thu                 102  0.061   1,445.000    0.368  0.094  0.004  -5,405.000
                                      dow_Tue                 105  0.060  -7,550.000    0.369 -0.029  0.224    -880.000
                                      dow_Wed                 103 -0.045 -14,520.000   -0.331  0.042 -0.200  -9,230.000
                                      gap_dn_lt_-0.25pct      120 -0.028  -4,687.500   -0.201  0.049 -0.138  -8,385.000
                                      gap_small_lt_0.15pct    151  0.050  -1,577.500    0.375  0.115 -0.114  -6,145.000
                                      gap_up_gt_0.25pct       163 -0.044 -11,182.500   -0.378 -0.112  0.072  -5,012.500
                                      or_gt_0.7_atr             2 -0.432  -2,267.500   -0.752 -0.432    NaN       0.000
                                      or_lt_0.4_atr           433  0.025 -14,332.500    0.326  0.052 -0.025 -11,700.000
                                      or_volume_rel_busy       82 -0.163  -9,292.500   -1.221 -0.100 -0.356  -9,537.500
                                      or_volume_rel_normal    213  0.008 -13,095.000    0.073  0.031 -0.021 -10,560.000
                                      or_volume_rel_quiet     160  0.014   3,837.500    0.115 -0.000  0.032     412.500
                                      or_width_rel_narrow     135 -0.150 -12,650.000   -1.137 -0.249 -0.027  -1,812.500
                                      or_width_rel_typical    166  0.101  11,897.500    0.789  0.120  0.073   1,355.000
                                      or_width_rel_wide       154 -0.038 -17,797.500   -0.365  0.043 -0.182 -19,227.500
OR30m/cut1100/exit1100/TE/both/follow (none)                  491  0.015  -4,590.000    0.445  0.051 -0.050 -15,637.500
                                      above_sma20             320  0.045   8,325.000    1.029  0.079 -0.031  -3,950.000
                                      below_sma20             171 -0.041 -12,915.000   -0.762 -0.014 -0.075 -11,687.500
                                      dow_Fri                 100  0.127  11,487.500    1.338  0.296 -0.175  -5,102.500
                                      dow_Mon                  95 -0.060  -3,000.000   -0.919 -0.044 -0.089  -5,110.000
                                      dow_Thu                  95  0.004  -2,500.000    0.058  0.064 -0.102  -6,047.500
                                      dow_Tue                 102  0.034  -1,555.000    0.435 -0.002  0.099     935.000
                                      dow_Wed                  99 -0.033  -9,022.500   -0.509 -0.060  0.016    -312.500
                                      gap_dn_lt_-0.25pct      117  0.007   1,745.000    0.119  0.120 -0.150  -9,897.500
                                      gap_small_lt_0.15pct    145 -0.010  -4,362.500   -0.141  0.055 -0.169  -6,805.000
                                      gap_up_gt_0.25pct       154  0.064    -822.500    1.094  0.094  0.011  -3,040.000
                                      or_gt_0.7_atr            15 -0.015   3,112.500   -0.132 -0.030  0.014     287.500
                                      or_lt_0.4_atr           328  0.037     367.500    0.812  0.073 -0.034  -7,090.000
                                      or_volume_rel_busy       83  0.025   5,267.500    0.328  0.061 -0.114  -2,905.000
                                      or_volume_rel_normal    195 -0.027 -13,350.000   -0.497  0.022 -0.076  -9,767.500
                                      or_volume_rel_quiet     156  0.026     622.500    0.424  0.035  0.010  -2,965.000
                                      or_width_rel_narrow     135 -0.026  -2,412.500   -0.387 -0.084  0.063   1,055.000
                                      or_width_rel_typical    156  0.032  -1,727.500    0.482  0.201 -0.193 -16,642.500
                                      or_width_rel_wide       143 -0.004  -3,320.000   -0.079 -0.017  0.016     -50.000
OR30m/cut1100/exit1559/TE/both/follow (none)                  491  0.024 -11,615.000    0.422  0.082 -0.079 -23,012.500
                                      above_sma20             320  0.088  11,975.000    1.145  0.139 -0.024     812.500
                                      below_sma20             171 -0.095 -23,590.000   -1.176 -0.050 -0.153 -23,825.000
                                      dow_Fri                 100  0.126  14,150.000    0.840  0.258 -0.109     785.000
                                      dow_Mon                  95 -0.059   5,775.000   -0.569 -0.034 -0.104  -2,422.500
                                      dow_Thu                  95 -0.022 -10,712.500   -0.171  0.064 -0.176 -10,810.000
                                      dow_Tue                 102  0.102  -3,442.500    0.753  0.131  0.048  -3,040.000
                                      dow_Wed                  99 -0.034 -17,385.000   -0.278 -0.019 -0.060  -7,525.000
                                      gap_dn_lt_-0.25pct      117 -0.003  -4,917.500   -0.026  0.157 -0.225 -16,697.500
                                      gap_small_lt_0.15pct    145  0.144   6,887.500    1.101  0.263 -0.148  -6,155.000
                                      gap_up_gt_0.25pct       154 -0.014  -8,960.000   -0.153 -0.040  0.032  -2,115.000
                                      or_gt_0.7_atr            15  0.279  12,512.500    1.045  0.198  0.441   3,687.500
                                      or_lt_0.4_atr           328  0.080   5,880.000    1.096  0.146 -0.049  -5,927.500
                                      or_volume_rel_busy       83 -0.191 -21,045.000   -1.670 -0.135 -0.410 -14,867.500
                                      or_volume_rel_normal    195  0.037   7,250.000    0.406  0.151 -0.077  -5,655.000
                                      or_volume_rel_quiet     156  0.048    -915.000    0.463  0.073  0.009  -2,490.000
                                      or_width_rel_narrow     135 -0.025  -4,037.500   -0.219 -0.052  0.017     455.000
                                      or_width_rel_typical    156  0.081   6,547.500    0.723  0.299 -0.208 -18,155.000
                                      or_width_rel_wide       143 -0.073 -17,220.000   -0.901 -0.109 -0.015  -5,312.500

============================================================================================
--- MNQ ---
============================================================================================
split                                                        full                                IS    OOS           
                                                           trades  avg_r  total_usd t_stat_r  avg_r  avg_r  total_usd
config                                filter                                                                         
OR15m/cut1100/exit1100/TE/both/follow (none)                 4084 -0.028 -2,850.360   -1.846 -0.058  0.028  1,020.280
                                      above_sma20            2687 -0.038  1,011.020   -2.031 -0.071  0.028  1,838.100
                                      below_sma20            1397 -0.008 -3,861.380   -0.306 -0.030  0.029   -817.820
                                      dow_Fri                 802 -0.067 -1,207.580   -2.011 -0.126  0.044     78.840
                                      dow_Mon                 812  0.028    252.020    0.813  0.067 -0.047 -1,271.740
                                      dow_Thu                 824 -0.021    904.040   -0.630 -0.055  0.042  1,527.600
                                      dow_Tue                 826 -0.041   -435.040   -1.165 -0.109  0.088  2,104.020
                                      dow_Wed                 820 -0.039 -2,363.800   -1.170 -0.067  0.013 -1,418.440
                                      gap_dn_lt_-0.25pct      826  0.033  3,502.960    1.015  0.033  0.033  2,063.600
                                      gap_small_lt_0.15pct   1471 -0.118 -4,214.340   -4.702 -0.158  0.016   -337.680
                                      gap_up_gt_0.25pct      1061  0.033 -1,169.440    1.114  0.039  0.026   -751.880
                                      or_gt_0.7_atr            63  0.021   -143.520    0.250  0.109 -0.236 -1,054.140
                                      or_lt_0.4_atr          3257 -0.033 -1,311.280   -1.833 -0.069  0.034  2,035.700
                                      or_volume_rel_busy      783 -0.026 -8,348.320   -0.863  0.012 -0.102 -9,075.780
                                      or_volume_rel_normal   1905  0.002  8,966.800    0.081 -0.063  0.103 11,193.120
                                      or_volume_rel_quiet    1336 -0.073 -3,473.940   -2.605 -0.095 -0.025 -1,097.060
                                      or_width_rel_narrow    1011 -0.071    348.060   -1.903 -0.118  0.028  1,094.160
                                      or_width_rel_typical   1791 -0.008  4,385.360   -0.340 -0.053  0.069  5,997.940
                                      or_width_rel_wide      1222 -0.024 -7,588.880   -1.066 -0.018 -0.035 -6,071.820
OR15m/cut1100/exit1559/TE/both/follow (none)                 4084 -0.007  9,945.140   -0.305 -0.061  0.095 18,118.780
                                      above_sma20            2687 -0.033  2,986.520   -1.177 -0.085  0.073  6,824.100
                                      below_sma20            1397  0.042  6,958.620    1.029 -0.013  0.131 11,294.680
                                      dow_Fri                 802  0.071  9,226.420    1.377 -0.029  0.259  9,984.840
                                      dow_Mon                 812 -0.012 -2,952.480   -0.241  0.034 -0.097 -3,222.740
                                      dow_Thu                 824 -0.011  4,705.040   -0.212 -0.133  0.218  8,102.100
                                      dow_Tue                 826 -0.046    506.960   -0.910 -0.141  0.133  3,316.020
                                      dow_Wed                 820 -0.036 -1,540.800   -0.658 -0.034 -0.039    -61.440
                                      gap_dn_lt_-0.25pct      826  0.036  3,807.460    0.705 -0.011  0.084  4,582.600
                                      gap_small_lt_0.15pct   1471 -0.151 -8,312.840   -4.244 -0.183 -0.046 -2,538.180
                                      gap_up_gt_0.25pct      1061  0.126 10,281.560    2.677  0.063  0.205 11,222.620
                                      or_gt_0.7_atr            63 -0.143   -729.020   -1.386 -0.161 -0.091   -175.140
                                      or_lt_0.4_atr          3257  0.001  7,521.720    0.022 -0.051  0.095 10,714.200
                                      or_volume_rel_busy      783 -0.031 -9,670.320   -0.646 -0.031 -0.032 -7,336.280
                                      or_volume_rel_normal   1905  0.035 21,009.800    1.029 -0.050  0.168 22,919.120
                                      or_volume_rel_quiet    1336 -0.060 -1,557.440   -1.434 -0.105  0.042  2,535.940
                                      or_width_rel_narrow    1011 -0.044  1,422.060   -0.825 -0.112  0.103  3,098.660
                                      or_width_rel_typical   1791  0.028 13,144.860    0.788 -0.042  0.147 14,464.940
                                      or_width_rel_wide      1222 -0.035 -4,784.880   -0.970 -0.059  0.009    555.180
OR30m/cut1100/exit1100/TE/both/follow (none)                 3825 -0.021 -2,236.000   -1.933 -0.043  0.019  1,038.400
                                      above_sma20            2501 -0.032  1,301.960   -2.366 -0.063  0.028  2,989.300
                                      below_sma20            1324  0.000 -3,537.960    0.023 -0.003  0.005 -1,950.900
                                      dow_Fri                 754 -0.025  2,336.840   -0.988 -0.062  0.044  2,268.860
                                      dow_Mon                 740 -0.012 -1,049.600   -0.506 -0.011 -0.015 -1,242.000
                                      dow_Thu                 783 -0.021 -2,637.320   -0.873 -0.025 -0.014 -2,091.000
                                      dow_Tue                 773 -0.015  1,350.580   -0.586 -0.064  0.071  3,351.380
                                      dow_Wed                 775 -0.032 -2,236.500   -1.382 -0.053  0.007 -1,248.840
                                      gap_dn_lt_-0.25pct      792  0.016  1,078.320    0.675  0.022  0.009    331.660
                                      gap_small_lt_0.15pct   1357 -0.086 -3,586.280   -4.685 -0.116  0.010      6.280
                                      gap_up_gt_0.25pct      1003  0.027    314.380    1.281  0.029  0.025    139.120
                                      or_gt_0.7_atr           213 -0.031 -1,271.020   -1.053 -0.027 -0.040   -630.880
                                      or_lt_0.4_atr          2312 -0.034 -2,889.480   -2.193 -0.062  0.018   -181.760
                                      or_volume_rel_busy      729 -0.019 -5,757.160   -0.849 -0.007 -0.042 -5,194.080
                                      or_volume_rel_normal   1799 -0.024  2,694.040   -1.597 -0.069  0.044  4,951.680
                                      or_volume_rel_quiet    1244 -0.016    960.240   -0.767 -0.030  0.014  1,280.800
                                      or_width_rel_narrow     998 -0.024  2,492.080   -0.884 -0.071  0.071  3,708.600
                                      or_width_rel_typical   1669 -0.033    -52.260   -2.107 -0.063  0.017  1,434.280
                                      or_width_rel_wide      1105  0.001 -4,542.700    0.079  0.013 -0.021 -4,104.480
OR30m/cut1100/exit1559/TE/both/follow (none)                 3825  0.001 15,812.000    0.054 -0.050  0.096 23,359.900
                                      above_sma20            2501 -0.013  8,652.960   -0.554 -0.065  0.090 10,700.800
                                      below_sma20            1324  0.028  7,159.040    0.837 -0.020  0.105 12,659.100
                                      dow_Fri                 754  0.123 14,186.840    2.698  0.046  0.266 13,358.860
                                      dow_Mon                 740 -0.060 -5,182.600   -1.528 -0.060 -0.060 -3,054.000
                                      dow_Thu                 783 -0.002  2,612.680   -0.035 -0.069  0.123  5,545.500
                                      dow_Tue                 773 -0.016  2,392.580   -0.357 -0.104  0.139  5,477.380
                                      dow_Wed                 775 -0.040  1,802.500   -0.908 -0.061 -0.001  2,032.160
                                      gap_dn_lt_-0.25pct      792  0.017  1,414.320    0.396 -0.046  0.079  5,075.660
                                      gap_small_lt_0.15pct   1357 -0.122 -3,707.780   -3.847 -0.162  0.009    810.780
                                      gap_up_gt_0.25pct      1003  0.123 12,374.880    3.097  0.100  0.151 11,085.620
                                      or_gt_0.7_atr           213 -0.014    928.480   -0.237 -0.059  0.076  3,031.620
                                      or_lt_0.4_atr          2312  0.011  6,948.020    0.385 -0.034  0.096  7,829.740
                                      or_volume_rel_busy      729 -0.008 -5,246.160   -0.206 -0.035  0.042 -1,567.080
                                      or_volume_rel_normal   1799  0.009 17,061.540    0.334 -0.052  0.105 17,704.180
                                      or_volume_rel_quiet    1244 -0.007  3,967.740   -0.193 -0.061  0.114  7,222.800
                                      or_width_rel_narrow     998  0.008  5,746.580    0.178 -0.061  0.145  6,395.600
                                      or_width_rel_typical   1669 -0.016  6,463.240   -0.559 -0.078  0.089  8,630.280
                                      or_width_rel_wide      1105  0.019  3,573.300    0.633 -0.004  0.064  8,334.020

============================================================================================
SURVIVORS -- gates with positive avg R in BOTH in-sample and out-of-sample
============================================================================================
gates tested: 152 | positive in both splits with >=30 OOS trades: 16
split                                                             IS   OOS  full  IS_n  OOS_n  full_n
leg config                                filter                                                     
ES  OR15m/cut1100/exit1100/TE/both/follow or_width_rel_typical 0.015 0.002 0.010    98     68     166
    OR15m/cut1100/exit1559/TE/both/follow above_sma20          0.026 0.169 0.071   231    107     338
                                          dow_Mon              0.044 0.069 0.053    66     37     103
                                          dow_Thu              0.094 0.004 0.061    65     37     102
                                          or_width_rel_typical 0.120 0.073 0.101    98     68     166
    OR30m/cut1100/exit1100/TE/both/follow gap_up_gt_0.25pct    0.094 0.011 0.064    98     56     154
                                          or_volume_rel_quiet  0.035 0.010 0.026    95     61     156
    OR30m/cut1100/exit1559/TE/both/follow dow_Tue              0.131 0.048 0.102    66     36     102
                                          or_volume_rel_quiet  0.073 0.009 0.048    95     61     156
MNQ OR15m/cut1100/exit1100/TE/both/follow gap_dn_lt_-0.25pct   0.033 0.033 0.033   416    410     826
                                          gap_up_gt_0.25pct    0.039 0.026 0.033   589    472    1061
    OR15m/cut1100/exit1559/TE/both/follow gap_up_gt_0.25pct    0.063 0.205 0.126   589    472    1061
    OR30m/cut1100/exit1100/TE/both/follow gap_dn_lt_-0.25pct   0.022 0.009 0.016   396    396     792
                                          gap_up_gt_0.25pct    0.029 0.025 0.027   556    447    1003
    OR30m/cut1100/exit1559/TE/both/follow dow_Fri              0.046 0.266 0.123   488    266     754
                                          gap_up_gt_0.25pct    0.100 0.151 0.123   556    447    1003

============================================================================================
MULTIPLICITY CALIBRATION -- the survivor count under randomised gates
============================================================================================
Each gate is replaced by a random set of sessions OF THE SAME SIZE, drawn from the
same sessions, and the survivor rule is re-applied. This calibrates how many gates
'positive in both splits with >=30 OOS trades' produces when the gates carry no
information at all, holding the trade list and the gate sizes fixed.

observed survivors: 16
randomised gates (400 draws): mean 16.6, median 16, 5th-95th pct 10-23
P(random >= observed) = 0.585
=> the observed survivor count is NOT more than uninformative gates produce.
